double caracMecanicasHE[88][13] {
	{12.2,	236.5,	51.98,	58.36,	3.89,	6.15,	92.06,	18.41,	28.44,	2.43,	29.26,	2.51,	1.68},
	{16.7,	349.2,	72.76,	83.01,	4.06,	7.56,	133.8,	26.76,	41.14,	2.51,	35.06,	5.24,	2.58},
	{20.4,	449.5,	89.91,	104.2,	4.16,	9.04,	167.3,	33.45,	51.42,	2.53,	40.06,	9.25,	3.38},
	{30.9,	758.7,	137.9,	165.8,	4.39,	13.39,	274.4,	53.28,	82.08,	2.64,	53.06,	29.3,	6.16},
	{41.8,	1143,	190.4,	235.8,	4.63,	18.04,	399.2,	75.31,	116.3,	2.74,	66.06,	68.21,	9.93},
	{14.6,	413.4,	75.85,	84.12,	4.72,	6.9,	158.8,	26.47,	40.62,	2.93,	29.26,	2.78,	4.24},
	{19.9,	606.2,	106.3,	119.5,	4.89,	8.46,	230.9,	38.48,	58.85,	3.02,	35.06,	5.99,	6.47},
	{26.7,	864.4,	144.1,	165.2,	5.04,	10.96,	317.5,	52.92,	80.97,	3.06,	42.56,	13.84,	9.41},
	{39.2,	1388,	213.6,	252.9,	5.27,	15.91,	497.7,	80.92,	124.2,	3.16,	55.56,	40.96,	16.12},
	{52.1,	2018,	288.2,	350.6,	5.51,	21.15,	702.8,	111.6,	171.6,	3.25,	68.56,	91.66,	24.79},
	{18.1,	719.5,	112.4,	123.8,	5.59,	7.92,	274.8,	39.26,	59.93,	3.45,	30.36,	3.54,	10.21},
	{24.7,	1033,	155.4,	173.5,	5.73,	10.12,	389.3,	55.62,	84.85,	3.52,	36.56,	8.13,	15.06},
	{33.7,	1509,	215.6,	245.4,	5.93,	13.08,	549.7,	78.52,	119.8,	3.58,	45.06,	20.06,	22.48},
	{48.2,	2330,	310.6,	363.8,	6.16,	18.62,	830.3,	116.1,	177.7,	3.68,	58.06,	55.68,	36.64},
	{63.2,	3291,	411.4,	493.8,	6.39,	24.46,	1144,	156.8,	240.5,	3.77,	71.06,	120,	54.33},
	{23.8,	1283,	173.4,	190.4,	6.5,	10.38,	478.7,	59.84,	91.36,	3.97,	36.07,	6.33,	23.75},
	{30.4,	1673,	220.1,	245.1,	6.57,	13.21,	615.6,	76.95,	117.6,	3.98,	41.57,	12.19,	31.41},
	{42.6,	2492,	311.5,	354,	6.78,	17.59,	889.2,	111.2,	170,	4.05,	51.57,	31.24,	47.94},
	{59.2,	3704,	435.8,	507.6,	7.01,	24.05,	1302,	159.8,	244.9,	4.16,	64.57,	79.21,	75.04},
	{76.2,	5098,	566.5,	674.6,	7.25,	30.81,	1759,	211.9,	325.5,	4.26,	77.57,	162.4,	108.1},
	{28.7,	1967,	235.6,	258.2,	7.34,	12.16,	730,	81.11,	123.6,	4.47,	37.57,	8.33,	46.36},
	{35.5,	2510,	293.6,	324.9,	7.45,	14.47,	924.6,	102.7,	156.5,	4.52,	42.57,	14.8,	60.21},
	{51.2,	3831,	425.7,	481.4,	7.66,	20.24,	1363,	151.4,	231,	4.57,	54.07,	42.16,	93.75},
	{69.8,	5543,	583.5,	675,	7.89,	27.3,	1944,	212.5,	324.9,	4.68,	67.07,	102.1,	141.9},
	{88.9,	7483,	748.3,	883.4,	8.13,	34.65,	2580,	277.4,	425.2,	4.77,	80.07,	203.3,	199.3},
	{34.6,	2944,	316.6,	347.1,	8.17,	15.45,	1068,	106.8,	163.2,	4.92,	42.59,	12.69,	84.49},
	{42.3,	3692,	388.6,	429.5,	8.28,	18.08,	1336,	133.6,	203.8,	4.98,	47.59,	20.98,	108},
	{61.3,	5696,	569.6,	642.5,	8.54,	24.83,	2003,	200.3,	305.8,	5.07,	60.09,	59.28,	171.1},
	{81.9,	8029,	764.7,	880.6,	8.77,	32.78,	2794,	275.3,	421,	5.17,	73.09,	135.1,	251.7},
	{103,	10640,	967.4,	1135,	9,		41.03,	3651,	354.5,	543.2,	5.27,	86.09,	259.4,	346.3},
	{40.4,	4170,	406.9,	445.5,	9,		17.63,	1510,	137.3,	209.3,	5.42,	44.09,	15.93,	145.6},
	{50.5,	5410,	515.2,	568.5,	9.17,	20.67,	1955,	177.7,	270.6,	5.51,	50.09,	28.46,	193.3},
	{71.5,	8091,	735.5,	827,	9.43,	27.92,	2843,	258.5,	393.9,	5.59,	62.59,	76.57,	295.4},
	{94.1,	11180,	972.2,	1114,	9.65,	36.47,	3888,	348.7,	532.4,	5.69,	75.59,	168.2,	423.9},
	{117,	14600,	1217,	1419,	9.89,	45.31,	5012,	443.5,	678.6,	5.79,	88.59,	315.3,	572.7},
	{47.4,	5835,	521,	570.6,	9.83,	21.54,	2077,	173.1,	264.4,	5.87,	49.1,	22.98,	239.6},
	{60.3,	7763,	675.1,	744.6,	10.05,	25.18,	2769,	230.7,	351.7,	6,		56.1,	41.55,	328.5},
	{83.2,	11260,	938.3,	1053,	10.31,	33.23,	3923,	326.9,	498.4,	6.08,	68.6,	102.7,	486.9},
	{119,	17330,	1359,	1564,	10.67,	46.35,	5942,	487.1,	743.8,	6.25,	87.6,	288.7,	787.9},
	{157,	24290,	1799,	2117,	11.03,	60.07,	8153,	657.5,	1006,	6.39,	106.6,	627.9,	1152},
	{54.1,	7981,	654.1,	714.5,	10.76,	24.75,	2788,	214.5,	327.7,	6.36,	53.62,	30.31,	382.6},
	{68.2,	10450,	836.4,	919.8,	10.97,	28.76,	3668,	282.1,	430.2,	6.5,	60.62,	52.37,	516.4},
	{93,	14920,	1148,	1283,	11.22,	37.59,	5135,	395,	602.2,	6.58,	73.12,	123.8,	753.7},
	{132,	22590,	1643,	1880,	11.58,	51.94,	7680,	581.8,	888.3,	6.75,	92.12,	336.4,	1198},
	{172,	31310,	2159,	2524,	11.94,	66.89,	10450,	779.7,	1192,	6.9,	111.1,	719,	1728},
	{61.2,	10560,	799.8,	873.1,	11.63,	27.52,	3664,	261.7,	399.4,	6.85,	55.12,	36.22,	590.1},
	{76.4,	13670,	1013,	1112,	11.86,	31.74,	4763,	340.2,	518.1,	7,		62.12,	62.1,	785.4},
	{103,	19270,	1376,	1534,	12.11,	41.09,	6595,	471,	717.6,	7.09,	74.62,	143.7,	1130},
	{145,	28810,	1953,	2225,	12.47,	56.26,	9750,	686.6,	1047,	7.26,	93.62,	382.5,	1768},
	{189,	39550,	2551,	2966,	12.83,	72.03,	13160,	914.1,	1397,	7.4,	112.6,	807.3,	2520},
	{69.8,	13800,	975.6,	1065,	12.46,	32.37,	4734,	315.6,	482.3,	7.3,	60.13,	49.35,	877.2},
	{88.3,	18260,	1260,	1383,	12.74,	37.28,	6310,	420.6,	641.2,	7.49,	68.13,	85.17,	1200},
	{117,	25170,	1678,	1869,	12.99,	47.43,	8563,	570.9,	870.1,	7.58,	80.63,	185,	1688},
	{177,	40950,	2559,	2927,	13.49,	68.48,	13736,	900.7,	1374,	7.81,	105.6,	598.3,	2903},
	{238,	59200,	3482,	4078,	13.98,	90.53,	19400,	1252,	1913,	8,		130.6,	1408,	4386},
	{74.2,	16450,	1093,	1196,	13.19,	35.4,	4959,	330.6,	505.7,	7.24,	61.63,	55.87,	1041},
	{97.6,	22930,	1479,	1628,	13.58,	41.13,	6985,	465.7,	709.7,	7.49,	71.63,	108,	1512},
	{127,	30820,	1926,	2149,	13.82,	51.77,	9239,	615.9,	939.1,	7.57,	84.13,	225.1,	2069},
	{186,	48710,	2865,	3274,	14.34,	72.25,	14446,	947,	1445,	7.81,	108.6,	679.1,	3454},
	{245,	68130,	3796,	4435,	14.78,	94.85,	19710,	1276,	1951,	7.95,	132.6,	1501,	5004},
	{78.9,	19550,	1222,	1341,	13.95,	38.69,	5185,	345.6,	529.3,	7.18,	63.13,	63.07,	1231},
	{105,	27690,	1678,	1850,	14.4,	44.95,	7436,	495.7,	755.9,	7.46,	74.13,	127.2,	1824},
	{134,	36660,	2156,	2408,	14.65,	56.09,	9690,	646,	985.7,	7.53,	86.63,	257.2,	2454},
	{248,	76370,	4052,	4718,	15.55,	98.63,	19710,	1276,	1953,	7.9,	132.6,	1506,	5584},
	{83.7,	23040,	1359,	1495,	14.7,	42.17,	5410,	360.7,	553,	7.12,	64.63,	70.99,	1444},
	{112,	33090,	1891,	2088,	15.22,	48.96,	7887,	525.8,	802.3,	7.43,	76.63,	148.8,	2177},
	{142,	43190,	2400,	2683,	15.46,	60.6,	10140,	676.1,	1032,	7.49,	89.13,	292.5,	2883},
	{250,	84870,	4297,	4989,	16.32,	102.4,	19520,	1268,	1942,	7.83,	132.6,	1507,	6137},
	{92.4,	31250,	1654,	1824,	16.3,	47.95,	5861,	390.8,	599.7,	7.06,	67.13,	84.69,	1948},
	{125,	45070,	2311,	2562,	16.84,	57.33,	8564,	570.9,	872.9,	7.34,	80.63,	189,	2942},
	{155,	57680,	2884,	3232,	17.08,	69.98,	10820,	721.3,	1104,	7.4,	93.13,	355.7,	3817},
	{256,	104100,	4820,	5571,	17.88,	110.2,	19340,	1260,	1934,	7.7,	132.6,	1515,	7410},
	{99.7,	41890,	1971,	2183,	18.16,	54.7,	6088,	405.8,	624.4,	6.92,	68.63,	95.61,	2572},
	{140,	63720,	2896,	3216,	18.92,	65.78,	9465,	631,	965.5,	7.29,	85.13,	243.8,	4148},
	{171,	79890,	3551,	3982,	19.14,	79.66,	11720,	781.4,	1198,	7.33,	97.63,	440.5,	5258},
	{263,	131500,	5501,	6331,	19.8,	119.8,	19340,	1260,	1939,	7.59,	132.6,	1529,	9251},
	{107,	54640,	2315,	2576,	19.98,	61.91,	6314,	420.9,	649.3,	6.79,	70.13,	107.7,	3304},
	{155,	86970,	3550,	3949,	20.98,	74.72,	10370,	691.1,	1059,	7.24,	89.63,	309.3,	5643},
	{187,	107200,	4287,	4815,	21.19,	89.82,	12620,	841.6,	1292,	7.27,	102.1,	538.4,	7018},
	{270,	161900,	6180,	7094,	21.69,	129.5,	19150,	1252,	1932,	7.46,	132.6,	1539,	11190},
	{120,	72870,	2792,	3128,	21.84,	72.66,	6767,	451.1,	698.6,	6.65,	73.13,	133.7,	4338},
	{166,	111900,	4146,	4622,	22.99,	83.72,	10820,	721.3,	1107,	7.15,	92.13,	351.5,	7189},
	{199,	136700,	4971,	5591,	23.2,	100.1,	13080,	871.8,	1341,	7.17,	104.6,	600.3,	8856},
	{278,	198000,	6923,	7933,	23.64,	139.6,	19160,	1252,	1937,	7.35,	132.6,	1554,	13520},
	{129,	91900,	3218,	3623,	23.66,	81.29,	6993,	466.2,	724.5,	6.53,	74.63,	149.8,	5381},
	{178,	141200,	4787,	5350,	24.97,	93.21,	11270,	751.4,	1156,	7.05,	94.63,	397.8,	8978},
	{212,	171000,	5701,	6425,	25.17,	110.8,	13530,	902,	1391,	7.08,	107.1,	667.2,	10970},
	{285,	237400,	7660,	8772,	25.55,	149.7,	18980,	1244,	1930,	7.22,	132.6,	1564,	15910},
};
double caracFisicasHE[88][7] {
{12.2,	91,		100,	4.2,	5.5,	12,		15.6},
{16.7,	96,		100,	5,		8,		12,		21.2},
{20.4,	100,	100,	6,		10,		12,		26},
{30.9,	110,	103,	9,		15,		12,		39.3},
{41.8,	120,	106,	12,		20,		12,		53.2},
{14.6,	109,	120,	4.2,	5.5,	12,		18.6},
{19.9,	114,	120,	5,		8,		12,		25.3},
{26.7,	120,	120,	6.5,	11,		12,		34},
{39.2,	130,	123,	9.5,	16,		12,		49.9},
{52.1,	140,	126,	12.5,	21,		12,		66.4},
{18.1,	128,	140,	4.3,	6,		12,		23},
{24.7,	133,	140,	5.5,	8.5,	12,		31.4},
{33.7,	140,	140,	7,		12,		12,		43},
{48.2,	150,	143,	10,		17,		12,		61.5},
{63.2,	160,	146,	13,		22,		12,		80.6},
{23.8,	148,	160,	4.5,	7,		15,		30.4},
{30.4,	152,	160,	6,		9,		15,		38.8},
{42.6,	160,	160,	8,		13,		15,		54.3},
{59.2,	170,	163,	11,		18,		15,		75.4},
{76.2,	180,	166,	14,		23,		15,		97.1},
{28.7,	167,	180,	5,		7.5,	15,		36.5},
{35.5,	171,	180,	6,		9.5,	15,		45.3},
{51.2,	180,	180,	8.5,	14,		15,		65.3},
{69.8,	190,	183,	11.5,	19,		15,		89},
{88.9,	200,	186,	14.5,	24,		15,		113.3},
{34.6,	186,	200,	5.5,	8,		18,		44.1},
{42.3,	190,	200,	6.5,	10,		18,		53.8},
{61.3,	200,	200,	9,		15,		18,		78.1},
{81.9,	210,	203,	12,		20,		18,		104.4},
{103,	220,	206,	15,		25,		18,		131.3},
{40.4,	205,	220,	6,		8.5,	18,		51.5},
{50.5,	210,	220,	7,		11,		18,		64.3},
{71.5,	220,	220,	9.5,	16,		18,		91},
{94.1,	230,	223,	12.5,	21,		18,		119.9},
{117,	240,	226,	15.5,	26,		18,		149.4},
{47.4,	224,	240,	6.5,	9,		21,		60.4},
{60.3,	230,	240,	7.5,	12,		21,		76.8},
{83.2,	240,	240,	10,		17,		21,		106},
{119,	255,	244,	14,		24.5,	21,		152.2},
{157,	270,	248,	18,		32,		21,		199.6},
{54.1,	244,	260,	6.5,	9.5,	24,		69},
{68.2,	250,	260,	7.5,	12.5,	24,		86.8},
{93,	260,	260,	10,		17.5,	24,		118.4},
{132,	275,	264,	14,		25,		24,		168.4},
{172,	290,	268,	18,		32.5,	24,		219.6},
{61.2,	264,	280,	7,		10,		24,		78},
{76.4,	270,	280,	8,		13,		24,		97.3},
{103,	280,	280,	10.5,	18,		24,		131.4},
{145,	295,	284,	14.5,	25.5,	24,		185.2},
{189,	310,	288,	18.5,	33,		24,		240.2},
{69.8,	283,	300,	7.5,	10.5,	27,		88.9},
{88.3,	290,	300,	8.5,	14,		27,		112.5},
{117,	300,	300,	11,		19,		27,		149.1},
{177,	320,	305,	16,		29,		27,		225.1},
{238,	340,	310,	21,		39,		27,		303.1},
{74.2,	301,	300,	8,		11,		27,		94.6},
{97.6,	310,	300,	9,		15.5,	27,		124.4},
{127,	320,	300,	11.5,	20.5,	27,		161.3},
{186,	340,	305,	16,		30.5,	27,		236.9},
{245,	359,	309,	21,		40,		27,		312},
{78.9,	320,	300,	8.5,	11.5,	27,		100.5},
{105,	330,	300,	9.5,	16.5,	27,		133.5},
{134,	340,	300,	12,		21.5,	27,		170.9},
{248,	377,	309,	21,		40,		27,		315.8},
{83.7,	339,	300,	9,		12,		27,		106.6},
{112,	350,	300,	10,		17.5,	27,		142.8},
{142,	360,	300,	12.5,	22.5,	27,		180.6},
{250,	395,	308,	21,		40,		27,		318.8},
{92.4,	378,	300,	9.5,	13,		27,		117.7},
{125,	390,	300,	11,		19,		27,		159},
{155,	400,	300,	13.5,	24,		27,		197.8},
{256,	432,	307,	21,		40,		27,		325.8},
{99.7,	425,	300,	10,		13.5,	27,		127.1},
{140,	440,	300,	11.5,	21,		27,		178},
{171,	450,	300,	14,		26,		27,		218},
{263,	478,	307,	21,		40,		27,		335.4},
{107,	472,	300,	10.5,	14,		27,		136.9},
{155,	490,	300,	12,		23,		27,		197.5},
{187,	500,	300,	14.5,	28,		27,		238.6},
{270,	524,	306,	21,		40,		27,		344.3},
{120,	522,	300,	11.5,	15,		27,		152.8},
{166,	540,	300,	12.5,	24,		27,		211.8},
{199,	550,	300,	15.0,	29,		27,		254.1},
{278,	572,	306,	21.0,	40,		27,		354.4},
{129,	571,	300,	12.0,	15.5,	27,		164.1},
{178,	590,	300,	13.0,	25,		27,		226.5},
{212,	600,	300,	15.5,	30,		27,		270},
{285,	620,	305,	21,		40,		27,		363.7},

};
vector <string> HE{
	"HEAA 100",
	"HEA 100",
	"HEB 100",
	"HEC 100",
	"HEM 100",
	"HEAA 120",
	"HEA 120",
	"HEB 120",
	"HEC 120",
	"HEM 120",
	"HEAA 140",
	"HEA 140",
	"HEB 140",
	"HEC 140",
	"HEM 140",
	"HEAA 160",
	"HEA 160",
	"HEB 160",
	"HEC 160",
	"HEM 160",
	"HEAA 180",
	"HEA 180",
	"HEB 180",
	"HEC 180",
	"HEM 180",
	"HEAA 200",
	"HEA 200",
	"HEB 200",
	"HEC 200",
	"HEM 200",
	"HEAA 220",
	"HEA 220",
	"HEB 220",
	"HEC 220",
	"HEM 220",
	"HEAA 240",
	"HEA 240",
	"HEB 240",
	"HEC 240",
	"HEM 240",
	"HEAA 260",
	"HEA 260",
	"HEB 260",
	"HEC 260",
	"HEM 260",
	"HEAA 280",
	"HEA 280",
	"HEB 280",
	"HEC 280",
	"HEM 280",
	"HEAA 300",
	"HEA 300",
	"HEB 300",
	"HEC 300",
	"HEM 300",
	"HEAA 320",
	"HEA 320",
	"HEB 320",
	"HEC 320",
	"HEM 320",
	"HEAA 340",
	"HEA 340",
	"HEB 340",
	"HEM 340",
	"HEAA 360",
	"HEA 360",
	"HEB 360",
	"HEM 360",
	"HEAA 400",
	"HEA 400",
	"HEB 400",
	"HEM 400",
	"HEAA 450",
	"HEA 450",
	"HEB 450",
	"HEM 450",
	"HEAA 500",
	"HEA 500",
	"HEB 500",
	"HEM 500",
	"HEAA 550",
	"HEA 550",
	"HEB 550",
	"HEM 550",
	"HEAA 600",
	"HEA 600",
	"HEB 600",
	"HEM 600",
};